# Created by Octave 4.4.1, Sun Jan 06 11:18:01 2019 GMT <unknown@DESKTOP-K4U8ERA>
# name: X
# type: matrix
# rows: 1
# columns: 2001
 0.0232948761 0.0202255218 0.020141982094015392 -0.00026144138966260931 -0.00057723865728819142 0.0067518991045871024 0.0057130439529238164 -0.0020551895697090324 0.021010597276538086 0.030753501881167503 0.0046049088002508842 0.0011071284831858513 -0.0073279012164394388 -0.0065703912174913514 -0.021525250850502442 -0.0085976400400683637 -0.019812769582323728 -0.0035294836992069327 -0.0039111565160395963 -0.019473378254423305 -0.042525494608244965 -0.05451023163443923 -0.064628682710359084 -0.07157948791048116 -0.07830932209811535 -0.068831339069977238 -0.055234545740561143 -0.053901308320450793 -0.04036529294133652 -0.053285347204313306 -0.050606069079386959 -0.034490598020372527 -0.032919859620777606 -0.038921719508487856 -0.052623293155688762 -0.054934926941123154 -0.055571712376621146 -0.044254184939726625 -0.044929235557655038 -0.043717539963384025 -0.041594276984842388 -0.054731647044646323 -0.050026023921207405 -0.0472082374505896 -0.055710820763452108 -0.060489497728067519 -0.06681151512990284 -0.071130400785559059 -0.058905154027629837 -0.058526989470924121 -0.053209244165336428 -0.055013715765110702 -0.065634129658487514 -0.076033675254745969 -0.083204031658079422 -0.087859683075804038 -0.086614305208530196 -0.092808835415156596 -0.095771966660119445 -0.10354126331818872 -0.10693013556146627 -0.1021345920973263 -0.095061897653745064 -0.093619171878790722 -0.091839871838460846 -0.07293176289445899 -0.08176510531676702 -0.066334702518129757 -0.055002925903952053 -0.04984344830048619 -0.053062087483264603 -0.059698819666504498 -0.062598380927365374 -0.065760926466154224 -0.074979037368592752 -0.082199876035292649 -0.08929313163581204 -0.096199043596409156 -0.093859923666521419 -0.099361464935901145 -0.093192495289583038 -0.094631258008298802 -0.10573258187908906 -0.11018141204763449 -0.1078434331559974 -0.11156903164554141 -0.11280692622217553 -0.11590936363030019 -0.1134168333125959 -0.10321606566704086 -0.10660692396245805 -0.11161530331975855 -0.10733436374682051 -0.095909810647860277 -0.10476784498817138 -0.11188437355595206 -0.10729944226925828 -0.10846922723017892 -0.12650230466534595 -0.1180279915246376 -0.10698798734113076 -0.11508185026634944 -0.1163322917780634 -0.11868999008010947 -0.11892729389169472 -0.12127322226032231 -0.12236480840556867 -0.12792706302810994 -0.1191737772663182 -0.1244354602385289 -0.12047734602358011 -0.13101115853527937 -0.13198462254286733 -0.13219415095302064 -0.13319700467262643 -0.1365149500506245 -0.14310146918337771 -0.14504523740043976 -0.13143145800753511 -0.12678095850039342 -0.13101814073958309 -0.13351592011585059 -0.14012265453649478 -0.14243940736494301 -0.14763044549962723 -0.15327073385327999 -0.14672197664952336 -0.1488432743754062 -0.14207093401764581 -0.14883800722180443 -0.14389285201915669 -0.14560177260494972 -0.15337477898570107 -0.15563917845248848 -0.15941065004695956 -0.16360183252488875 -0.16094858806132847 -0.16088642939563783 -0.16464856037391068 -0.16851439596169837 -0.17235839841322775 -0.17833796296428214 -0.17056271281749272 -0.16427092823463146 -0.16585712918837367 -0.16539543248275335 -0.16681125394383292 -0.17138920476518418 -0.16910277413152833 -0.17482533883356613 -0.17316649714070897 -0.17322214089992982 -0.17352918265224188 -0.17552254997228373 -0.18607804394026448 -0.19507795266050643 -0.19944335009103834 -0.19790330088460545 -0.19937902029743543 -0.19487595705662283 -0.19663674277206888 -0.19755537978203441 -0.20108579444694849 -0.19990178583208906 -0.20087452437993669 -0.20331421600045341 -0.20731805766809586 -0.21381721435402828 -0.21702060694212466 -0.22500893687158666 -0.22379959985246389 -0.22740133290851366 -0.22621691571267386 -0.22624393851681251 -0.23145936119571708 -0.23259319380301358 -0.23484098795729158 -0.23553134416033969 -0.239762426117825 -0.23153518464229453 -0.24332666814778461 -0.25052113792024427 -0.24535402170718687 -0.2478177497675238 -0.24362017324456789 -0.24065675207218043 -0.2491374653637104 -0.25357346538389958 -0.2565843470581709 -0.25439173435005041 -0.24883564494957419 -0.24848935210173753 -0.2469053803455547 -0.24602601570738711 -0.25040360957641494 -0.25664731040805933 -0.25678251107836531 -0.25023710869571952 -0.25025498204986574 -0.25206872871164804 -0.25720228520769067 -0.25667977990221974 -0.25640174789552184 -0.25751859360397811 -0.26362267729958577 -0.26220757611598083 -0.25718139528786427 -0.25916670750511989 -0.25205838629939753 -0.24809396078124862 -0.24874912964509388 -0.25762269775625074 -0.26494889397713073 -0.26378685570863325 -0.26258446036736743 -0.25536842638583218 -0.25769848829055231 -0.26046376355445794 -0.25668497284462266 -0.26815308512172509 -0.27110120906934604 -0.26692455769836815 -0.26791450521560711 -0.26444407051883634 -0.2609612289186059 -0.25395330595806737 -0.25714085576308415 -0.25341969024940425 -0.24843521065265986 -0.25359761739195791 -0.25456872491067933 -0.24913061455971638 -0.25483046713543145 -0.25281018471666566 -0.25553766175216819 -0.25204580240581365 -0.25141546484940669 -0.24834256723884052 -0.24765293606142777 -0.24346876149692717 -0.24647164542708835 -0.24841713104407834 -0.24515438909128798 -0.25024591069174462 -0.25243423782062158 -0.253211961328008 -0.25004722698238274 -0.24670488097158516 -0.24386057222394208 -0.2512107392389844 -0.2565760495563173 -0.25810570686588791 -0.25605903679386227 -0.26050492760509625 -0.2593955509710178 -0.25926633198192922 -0.258919382511548 -0.25851638571561897 -0.25905534946388065 -0.25936113423809298 -0.25959451500157377 -0.2628414878567768 -0.26291567835569346 -0.26102917861983632 -0.26031925806464851 -0.26168289611097362 -0.25919891946386109 -0.26186723365976278 -0.26329226390183641 -0.2597955792920757 -0.26785362755231362 -0.26595585170287483 -0.26706361586423721 -0.26147120570712717 -0.25256848003319482 -0.2563193802815818 -0.26097796749368957 -0.25953754793581091 -0.25811087941878452 -0.2551572648795003 -0.24962025552703909 -0.24068852643861835 -0.24199911854345241 -0.23652223590598812 -0.23066616691584668 -0.22781480992604664 -0.22746816390948138 -0.22934286613861599 -0.22685504292624573 -0.22981033101708331 -0.22241694679943894 -0.21788756256924918 -0.21480004484419041 -0.21400942475547341 -0.20770008341378005 -0.21107258346780722 -0.21235436863803522 -0.20630906950604277 -0.20640370671431887 -0.20726531809699758 -0.20201416880759948 -0.2054072664003288 -0.20566035535615337 -0.20066348942868803 -0.20205346671696442 -0.2086785934622005 -0.21321693203653805 -0.22069814890629424 -0.22056732523175201 -0.21680906671701591 -0.21352471528697564 -0.21041647214322587 -0.21328119736740916 -0.21484239519417961 -0.21508863116819496 -0.21656984741700991 -0.21223530965472509 -0.21057879887562789 -0.21509734057293967 -0.20992822787603094 -0.20953376185098102 -0.20861325750599052 -0.21247386651032046 -0.21428530912280799 -0.21889365411788286 -0.22301101408088428 -0.22593758330994709 -0.22286296715679912 -0.22387509198564992 -0.22605162232323628 -0.22582355088751443 -0.2176796299128963 -0.21912922777542099 -0.22543867799432443 -0.22667016510358282 -0.22831060419885438 -0.22419028974333083 -0.22509951183769122 -0.22856330389472199 -0.22892622033361176 -0.2283083095029953 -0.23042626308258624 -0.22616050793112247 -0.22756230455955739 -0.22795132830010462 -0.22681897430467882 -0.22489817550729646 -0.22672607180367851 -0.22842269318651864 -0.23228345026817748 -0.23213446400355595 -0.22977809568762589 -0.23138058028306635 -0.22724378151571492 -0.22624088333373821 -0.22751118051940614 -0.23013352351119457 -0.23175397439953949 -0.23342522534516863 -0.23636745168735609 -0.23769458119248268 -0.24175500415994006 -0.24550682475718308 -0.24809291964177677 -0.25151210090000864 -0.25418932561573881 -0.25736605263984463 -0.25848149021126315 -0.26043942845819956 -0.26463424338523855 -0.26606324665608311 -0.26983514717704071 -0.27284525823598715 